Wavelength(nm)      SolarFlux(mW/m^2/nm)
1.00000000e+00      6.72824499e-03      
1.37500000e+00      5.38239851e-03      
2.12500000e+00      5.16980808e-02      
2.87500000e+00      6.61798366e-02      
3.62500000e+00      4.88276658e-02      
4.12500000e+00      6.13151726e-02      
4.37500000e+00      6.75589260e-02      
4.62500000e+00      6.75589260e-02      
4.87500000e+00      6.75589260e-02      
5.12500000e+00      1.16119990e-01      
5.37500000e+00      1.16119990e-01      
5.62500000e+00      1.16119990e-01      
5.87500000e+00      1.16119990e-01      
6.12500000e+00      1.03283596e-01      
6.37500000e+00      1.03283596e-01      
6.62500000e+00      1.03283596e-01      
6.87500000e+00      1.03283596e-01      
7.12500000e+00      1.08418154e-01      
7.37500000e+00      1.08418154e-01      
7.62500000e+00      1.08418154e-01      
7.87500000e+00      1.08418154e-01      
8.12500000e+00      6.60679296e-02      
8.37500000e+00      6.60679296e-02      
8.62500000e+00      6.60679296e-02      
8.87500000e+00      6.60679296e-02      
9.12500000e+00      7.41449833e-02      
9.37500000e+00      7.41449833e-02      
9.62500000e+00      7.41449833e-02      
9.87500000e+00      7.41449833e-02      
1.01250000e+01      2.57517800e-02      
1.03750000e+01      2.57517800e-02      
1.06250000e+01      2.57517800e-02      
1.08750000e+01      2.57517800e-02      
1.11250000e+01      1.84547841e-02      
1.13750000e+01      1.84547841e-02      
1.16250000e+01      1.84547841e-02      
1.18750000e+01      1.84547841e-02      
1.21000000e+01      1.19680487e-02      
1.23000001e+01      1.15626282e-02      
1.25000001e+01      1.15626282e-02      
1.27000002e+01      1.15626282e-02      
1.31125002e+01      1.12309519e-02      
1.37375002e+01      1.31010280e-02      
1.43625002e+01      3.54481942e-02      
1.49875002e+01      3.88779519e-02      
1.55875002e+01      4.27550643e-02      
1.61625003e+01      5.47946635e-02      
1.67375003e+01      6.68163334e-02      
1.73125004e+01      2.57715283e-01      
1.79625003e+01      1.96707347e-01      
1.86875002e+01      1.28925740e-01      
1.94125001e+01      1.32511077e-01      
2.01375000e+01      8.59908957e-02      
2.08250000e+01      6.09677914e-02      
2.14750001e+01      4.96472201e-02      
2.21250002e+01      6.35447116e-02      
2.27750003e+01      6.11112604e-02      
2.35875003e+01      3.94254218e-02      
2.45625002e+01      9.08500291e-02      
2.55375001e+01      1.42767269e-01      
2.65125000e+01      4.84721964e-02      
2.71250000e+01      6.97774624e-02      
2.73750000e+01      8.52237782e-02      
2.76250000e+01      8.52237782e-02      
2.78750000e+01      8.90332248e-02      
2.82500000e+01      1.04271011e-01      
2.87500000e+01      1.04271011e-01      
2.92500000e+01      2.98298035e-02      
2.97500000e+01      2.98298035e-02      
3.02500000e+01      6.32932938e-01      
3.07500000e+01      6.32932938e-01      
3.12500000e+01      1.22933152e-01      
3.17500000e+01      1.22933152e-01      
3.22500000e+01      1.70724033e-01      
3.27500000e+01      1.70724033e-01      
3.32500000e+01      1.67663046e-01      
3.37500000e+01      1.67663046e-01      
3.42500000e+01      7.16863202e-02      
3.47500000e+01      7.16863202e-02      
3.52500000e+01      6.16739333e-02      
3.57500000e+01      6.16739333e-02      
3.61250000e+01      7.92025223e-02      
3.63750000e+01      8.35846695e-02      
3.66250000e+01      8.35846695e-02      
3.68750000e+01      6.03178836e-02      
3.73750000e+01      1.37843117e-02      
3.81250000e+01      8.53521422e-03      
3.88750000e+01      5.89881649e-03      
3.96250000e+01      5.87511853e-03      
4.03750000e+01      9.85341308e-03      
4.11250000e+01      1.61735266e-02      
4.18750000e+01      1.44830723e-02      
4.26250000e+01      4.78205026e-03      
4.33750000e+01      1.11479140e-02      
4.41250000e+01      6.63213660e-03      
4.48750000e+01      4.54770379e-03      
4.56250000e+01      4.89461556e-03      
4.62500000e+01      1.62722681e-02      
4.67500000e+01      1.76944746e-02      
4.72500000e+01      7.02644428e-03      
4.77500000e+01      7.02644428e-03      
4.82500000e+01      1.17008663e-02      
4.87500000e+01      1.17008663e-02      
4.92500000e+01      4.16590338e-02      
4.97500000e+01      4.16590338e-02      
5.02500000e+01      1.69736618e-02      
5.07500000e+01      1.69736618e-02      
5.12500000e+01      5.81686105e-03      
5.17500000e+01      5.81686105e-03      
5.22500000e+01      1.02493664e-02      
5.27500000e+01      1.02493664e-02      
5.32500000e+01      7.55372383e-03      
5.37500000e+01      7.55372383e-03      
5.42500000e+01      4.86894277e-03      
5.47500000e+01      4.86894277e-03      
5.52500000e+01      2.18021205e-02      
5.57500000e+01      2.18021205e-02      
5.62500000e+01      6.64727697e-03      
5.67500000e+01      6.64727697e-03      
5.72500000e+01      6.62259159e-03      
5.77500000e+01      6.62259159e-03      
5.82500000e+01      3.75118913e-02      
5.87500000e+01      3.75118913e-02      
5.92500000e+01      7.82822516e-03      
5.97500000e+01      7.82822516e-03      
6.02500000e+01      3.21995992e-02      
6.07500000e+01      3.21995992e-02      
6.12500000e+01      9.79120594e-03      
6.17500000e+01      9.79120594e-03      
6.21250000e+01      3.59727089e-02      
6.23750000e+01      4.25180847e-02      
6.26250000e+01      4.25180847e-02      
6.28750000e+01      2.66404534e-02      
6.36250000e+01      8.68604184e-03      
6.48750000e+01      2.24913361e-03      
6.61250000e+01      1.80716671e-03      
6.73750000e+01      1.75364883e-03      
6.83750000e+01      5.46632877e-03      
6.91250000e+01      5.03614502e-03      
6.98750000e+01      6.93823522e-03      
7.06250000e+01      1.17897337e-02      
7.13750000e+01      5.16516723e-03      
7.21250000e+01      4.32125665e-03      
7.28750000e+01      4.29295076e-03      
7.36250000e+01      5.08024955e-03      
7.43750000e+01      6.26021033e-03      
7.51250000e+01      8.44108066e-03      
7.58750000e+01      1.43622786e-02      
7.66250000e+01      2.40238040e-02      
7.71250000e+01      2.27664957e-02      
7.73750000e+01      2.21378416e-02      
7.76250000e+01      2.21378416e-02      
7.78750000e+01      2.21378416e-02      
7.81250000e+01      3.08468408e-02      
7.83750000e+01      3.08468408e-02      
7.86250000e+01      3.08468408e-02      
7.88750000e+01      3.08468408e-02      
7.91250000e+01      1.44162572e-02      
7.93750000e+01      1.44162572e-02      
7.96250000e+01      1.44162572e-02      
7.98750000e+01      1.45874091e-02      
8.03750000e+01      1.49297130e-02      
8.11250000e+01      1.62857627e-02      
8.18750000e+01      1.96660130e-02      
8.26250000e+01      2.50704638e-02      
8.30749998e+01      3.37942604e-02      
8.32249994e+01      4.25180847e-02      
8.33749990e+01      4.25180847e-02      
8.35249987e+01      4.25180847e-02      
8.38999987e+01      3.78473877e-02      
8.44999990e+01      3.11331911e-02      
8.50999994e+01      3.34898176e-02      
8.56999998e+01      3.46681364e-02      
8.60625000e+01      3.57365695e-02      
8.61875000e+01      3.67515818e-02      
8.63125000e+01      3.67515818e-02      
8.64375000e+01      3.67515818e-02      
8.65625000e+01      3.67515818e-02      
8.66875000e+01      3.67515818e-02      
8.68125000e+01      3.67515818e-02      
8.69375000e+01      3.67515818e-02      
8.70625000e+01      4.37424791e-02      
8.71875000e+01      4.37424791e-02      
8.73125000e+01      4.37424791e-02      
8.74375000e+01      4.37424791e-02      
8.75625000e+01      4.37424791e-02      
8.76875000e+01      4.37424791e-02      
8.78125000e+01      4.37424791e-02      
8.79375000e+01      4.37424791e-02      
8.80625000e+01      4.99928153e-02      
8.81875000e+01      4.99928153e-02      
8.83125000e+01      4.99928153e-02      
8.84375000e+01      4.99928153e-02      
8.85625000e+01      4.99928153e-02      
8.86875000e+01      4.99928153e-02      
8.88125000e+01      4.99928153e-02      
8.89375000e+01      4.99928153e-02      
8.90625000e+01      6.08050083e-02      
8.91875000e+01      6.08050083e-02      
8.93125000e+01      6.08050083e-02      
8.94375000e+01      6.08050083e-02      
8.95625000e+01      6.08050083e-02      
8.96875000e+01      6.08050083e-02      
8.98125000e+01      6.08050083e-02      
8.99375000e+01      6.08050083e-02      
9.00625000e+01      7.16073270e-02      
9.01875000e+01      7.16073270e-02      
9.03125000e+01      7.16073270e-02      
9.04375000e+01      7.16073270e-02      
9.05749998e+01      7.16073270e-02      
9.07249994e+01      7.16073270e-02      
9.08749990e+01      7.16073270e-02      
9.10249987e+01      6.08688904e-02      
9.11499987e+01      5.47324067e-02      
9.12499990e+01      5.47324067e-02      
9.13499994e+01      5.47324067e-02      
9.14499998e+01      5.47324067e-02      
9.15625000e+01      5.47324067e-02      
9.16875000e+01      5.47324067e-02      
9.18125000e+01      5.47324067e-02      
9.19375000e+01      5.47324067e-02      
9.20375004e+01      2.45681832e-02      
9.21125011e+01      1.95409405e-02      
9.21875019e+01      1.95409405e-02      
9.22625027e+01      1.95409405e-02      
9.23500023e+01      1.95409405e-02      
9.24500008e+01      1.95409405e-02      
9.25499992e+01      1.95409405e-02      
9.26499977e+01      1.95409405e-02      
9.27374973e+01      1.95409405e-02      
9.28124981e+01      1.95409405e-02      
9.28874989e+01      1.95409405e-02      
9.29624996e+01      1.95409405e-02      
9.30375004e+01      1.71020257e-02      
9.31125011e+01      1.71020257e-02      
9.31875019e+01      1.71020257e-02      
9.32625027e+01      1.71020257e-02      
9.33625031e+01      1.71020257e-02      
9.34875031e+01      1.71020257e-02      
9.36125031e+01      1.71020257e-02      
9.37375031e+01      1.71020257e-02      
9.38500023e+01      1.71020257e-02      
9.39500008e+01      1.71020257e-02      
9.40499992e+01      1.21945738e-02      
9.41499977e+01      1.21945738e-02      
9.42749977e+01      1.21945738e-02      
9.44249992e+01      1.21945738e-02      
9.45750008e+01      1.21945738e-02      
9.47250023e+01      1.21945738e-02      
9.48375025e+01      1.21945738e-02      
9.49125013e+01      1.21945738e-02      
9.49875002e+01      1.04689017e-02      
9.50624990e+01      7.01755755e-03      
9.51374989e+01      7.01755755e-03      
9.52124996e+01      7.01755755e-03      
9.52875004e+01      7.01755755e-03      
9.53625011e+01      7.01755755e-03      
9.54250011e+01      7.01755755e-03      
9.54750004e+01      7.01755755e-03      
9.55249996e+01      7.01755755e-03      
9.55749989e+01      7.01755755e-03      
9.56124983e+01      7.01755755e-03      
9.56374979e+01      7.01755755e-03      
9.56624975e+01      7.01755755e-03      
9.56874971e+01      7.01755755e-03      
9.57499971e+01      7.01755755e-03      
9.58499975e+01      7.01755755e-03      
9.59499979e+01      7.01755755e-03      
9.60499983e+01      7.29699094e-03      
9.61624985e+01      7.29699596e-03      
9.62874985e+01      7.29699596e-03      
9.64124985e+01      7.29699596e-03      
9.65374985e+01      7.29699596e-03      
9.66124983e+01      7.29699596e-03      
9.66374979e+01      7.29699596e-03      
9.66624975e+01      7.29699596e-03      
9.66874971e+01      7.29699596e-03      
9.67499971e+01      7.29699596e-03      
9.68499975e+01      7.29699596e-03      
9.69499979e+01      7.29699596e-03      
9.70499983e+01      1.31027594e-01      
9.71499987e+01      1.31029954e-01      
9.72499990e+01      1.31029954e-01      
9.73499994e+01      1.31029954e-01      
9.74499998e+01      1.31029954e-01      
9.75625000e+01      1.31029954e-01      
9.76875000e+01      1.31029954e-01      
9.78125000e+01      1.31029954e-01      
9.79375000e+01      1.31029954e-01      
9.80625000e+01      1.48605939e-02      
9.81875000e+01      1.48605939e-02      
9.83125000e+01      1.48605939e-02      
9.84375000e+01      1.48605939e-02      
9.85124998e+01      1.48605939e-02      
9.85374994e+01      1.48605939e-02      
9.85624990e+01      1.48605939e-02      
9.85874987e+01      1.48605939e-02      
9.86249990e+01      1.48605939e-02      
9.86750002e+01      1.48605939e-02      
9.87250013e+01      1.48605939e-02      
9.87750025e+01      1.48605939e-02      
9.88375025e+01      1.48605939e-02      
9.89125013e+01      1.48605939e-02      
9.89875002e+01      1.75496538e-02      
9.90624990e+01      2.29277735e-02      
9.91249990e+01      2.29277735e-02      
9.91750002e+01      2.29277735e-02      
9.92250013e+01      2.29277735e-02      
9.92750025e+01      2.29277735e-02      
9.93875029e+01      2.29277735e-02      
9.95625025e+01      2.29277735e-02      
9.97375021e+01      2.29277735e-02      
9.99125017e+01      1.77747458e-02      
1.00300001e+02      9.28762435e-03      
1.00900002e+02      9.76948644e-03      
1.01500002e+02      1.07331997e-02      
1.02100002e+02      6.26940233e-02      
1.02475001e+02      9.88402294e-02      
1.02625001e+02      9.88402294e-02      
1.02775001e+02      9.88402294e-02      
1.02925000e+02      9.88402294e-02      
1.03062500e+02      1.01849496e-01      
1.03187500e+02      1.01999957e-01      
1.03312500e+02      1.01999957e-01      
1.03437500e+02      1.01999957e-01      
1.03625000e+02      1.01999957e-01      
1.03875000e+02      1.01999957e-01      
1.04125000e+02      1.48112232e-02      
1.04375000e+02      1.48112232e-02      
1.04650000e+02      1.48112232e-02      
1.04949999e+02      1.40542147e-02      
1.05249998e+02      1.25401690e-02      
1.05549997e+02      1.25401690e-02      
1.05862497e+02      1.24929323e-02      
1.06187498e+02      1.19378459e-02      
1.06512499e+02      1.19378459e-02      
1.06837500e+02      1.19378459e-02      
1.07125000e+02      1.26175543e-02      
1.07375000e+02      1.26685329e-02      
1.07625000e+02      1.26685329e-02      
1.07875000e+02      1.26685329e-02      
1.08125000e+02      2.12491682e-02      
1.08375000e+02      2.12491682e-02      
1.08625000e+02      2.12491682e-02      
1.08875000e+02      2.12491682e-02      
1.09125000e+02      1.42977674e-02      
1.09375000e+02      1.42977674e-02      
1.09625000e+02      1.42977674e-02      
1.09875000e+02      1.42977674e-02      
1.10125000e+02      1.52456857e-02      
1.10375000e+02      1.52456857e-02      
1.10625000e+02      1.52456857e-02      
1.10875000e+02      1.52456857e-02      
1.11013889e+02      1.47750153e-02      
1.11041667e+02      1.38336825e-02      
1.11069445e+02      1.38336825e-02      
1.11097223e+02      1.38336825e-02      
1.11222223e+02      1.38336825e-02      
1.11444445e+02      1.38336825e-02      
1.11666667e+02      1.38336825e-02      
1.11888889e+02      1.38773684e-02      
1.12125000e+02      1.52753082e-02      
1.12375000e+02      1.52753082e-02      
1.12625000e+02      1.52753082e-02      
1.12875000e+02      1.52753082e-02      
1.13125000e+02      1.17699854e-02      
1.13375000e+02      1.17699854e-02      
1.13625000e+02      1.17699854e-02      
1.13875000e+02      1.17699854e-02      
1.14125000e+02      7.96350100e-03      
1.14375000e+02      7.96350100e-03      
1.14625000e+02      7.96350100e-03      
1.14875000e+02      7.96350100e-03      
1.15087500e+02      1.25877813e-02      
1.15262499e+02      1.30832471e-02      
1.15437498e+02      1.30832471e-02      
1.15612497e+02      1.30832471e-02      
1.15774998e+02      1.30832471e-02      
1.15924999e+02      1.30832471e-02      
1.16075001e+02      1.47914749e-02      
1.16225002e+02      1.47914749e-02      
1.16387503e+02      1.47914749e-02      
1.16562502e+02      1.47914749e-02      
1.16737501e+02      1.47914749e-02      
1.16912500e+02      1.47914749e-02      
1.17075000e+02      6.18082457e-02      
1.17224999e+02      6.37672529e-02      
1.17374999e+02      6.37672529e-02      
1.17524999e+02      6.37672529e-02      
1.17687499e+02      6.37672529e-02      
1.17862500e+02      6.37672529e-02      
1.18037501e+02      3.01102180e-02      
1.18212502e+02      1.66478149e-02      
1.18387503e+02      1.66478149e-02      
1.18562502e+02      1.66478149e-02      
1.18737501e+02      1.66478149e-02      
1.18912500e+02      1.79982751e-02      
1.19100000e+02      5.58086890e-02      
1.19300001e+02      5.58086890e-02      
1.19500002e+02      5.58086890e-02      
1.19700003e+02      5.43829992e-02      
1.19887503e+02      6.07485899e-02      
1.20062502e+02      6.07245215e-02      
1.20237501e+02      5.48227945e-02      
1.20412500e+02      1.61205700e-01      
1.20587500e+02      4.06067129e-01      
1.20762499e+02      2.99174450e-01      
1.20937498e+02      1.09050757e-01      
1.21112497e+02      2.21923627e-01      
1.21299997e+02      5.57576735e+00      
1.21499998e+02      2.30091153e+01      
1.21699999e+02      1.52013695e+01      
1.21900000e+02      1.56864551e+00      
1.22087500e+02      1.50037766e-01      
1.22262499e+02      7.03126368e-02      
1.22437498e+02      5.05501169e-02      
1.22612497e+02      4.25940798e-02      
1.22799997e+02      3.96734200e-02      
1.22999998e+02      3.46151175e-02      
1.23199999e+02      3.06987405e-02      
1.23400000e+02      2.95835893e-02      
1.23587500e+02      3.38751032e-02      
1.23762499e+02      6.08499614e-02      
1.23937498e+02      6.49466784e-02      
1.24112497e+02      4.86476353e-02      
1.24299997e+02      4.62137169e-02      
1.24499998e+02      2.80303814e-02      
1.24699999e+02      2.29648037e-02      
1.24900000e+02      2.29117273e-02      
1.25100000e+02      2.37164759e-02      
1.25300001e+02      2.82326916e-02      
1.25500002e+02      3.04259473e-02      
1.25700003e+02      3.34586850e-02      
1.25900002e+02      5.18654146e-02      
1.26100001e+02      4.94631771e-02      
1.26300000e+02      4.89992289e-02      
1.26499999e+02      7.91364174e-02      
1.26699999e+02      4.04842182e-02      
1.26900000e+02      1.84214720e-02      
1.27100000e+02      1.72698858e-02      
1.27300001e+02      1.96187306e-02      
1.27500001e+02      2.81253070e-02      
1.27700000e+02      3.11665193e-02      
1.27899999e+02      2.89769499e-02      
1.28099998e+02      2.24304651e-02      
1.28299997e+02      1.54975184e-02      
1.28499998e+02      1.48025664e-02      
1.28699999e+02      2.14589360e-02      
1.28900000e+02      2.65336407e-02      
1.29112499e+02      1.92278185e-02      
1.29337498e+02      1.92610947e-02      
1.29562496e+02      2.64012262e-02      
1.29787495e+02      3.03782323e-02      
1.29999994e+02      8.26384545e-02      
1.30199995e+02      1.94148352e-01      
1.30399996e+02      2.82386156e-01      
1.30599997e+02      2.73773570e-01      
1.30812498e+02      9.29828946e-02      
1.31037500e+02      4.73399264e-02      
1.31262503e+02      2.90923954e-02      
1.31487505e+02      2.53713054e-02      
1.31700005e+02      3.09405535e-02      
1.31900002e+02      2.84103445e-02      
1.32099998e+02      2.02136280e-02      
1.32299995e+02      2.15378563e-02      
1.32512495e+02      2.18063770e-02      
1.32737497e+02      2.65558479e-02      
1.32962500e+02      3.18748426e-02      
1.33187502e+02      9.31346885e-02      
1.33412502e+02      5.21018155e-01      
1.33637501e+02      4.07954459e-01      
1.33862499e+02      4.74048736e-02      
1.34087498e+02      2.07664255e-02      
1.34312498e+02      2.12316148e-02      
1.34537500e+02      2.15300351e-02      
1.34762503e+02      2.31406932e-02      
1.34987505e+02      3.46706583e-02      
1.35212505e+02      4.21439317e-02      
1.35437504e+02      5.19910319e-02      
1.35662502e+02      5.77680330e-02      
1.35887501e+02      4.48745008e-02      
1.36125000e+02      3.39842798e-02      
1.36375000e+02      3.15656789e-02      
1.36625000e+02      2.90912172e-02      
1.36875000e+02      3.31432077e-02      
1.37112499e+02      3.75927532e-02      
1.37337498e+02      3.36577450e-02      
1.37562496e+02      2.96268568e-02      
1.37787495e+02      3.13391197e-02      
1.38024994e+02      3.50402828e-02      
1.38274994e+02      3.31278454e-02      
1.38524994e+02      3.28146943e-02      
1.38774994e+02      3.53240463e-02      
1.39137495e+02      1.18296461e-01      
1.39612497e+02      1.03883923e-01      
1.40087500e+02      1.02996071e-01      
1.40562502e+02      7.44194372e-02      
1.41050003e+02      4.98628438e-02      
1.41550003e+02      4.95509396e-02      
1.42050003e+02      4.97168691e-02      
1.42550003e+02      6.09012146e-02      
1.42807146e+02      5.17841026e-02      
1.42821433e+02      5.00519854e-02      
1.42835719e+02      4.98743255e-02      
1.42850006e+02      5.12979183e-02      
1.43112505e+02      6.38265420e-02      
1.43623216e+02      6.01964931e-02      
1.44133927e+02      5.73480733e-02      
1.44644638e+02      6.04096485e-02      
1.45162495e+02      6.06209953e-02      
1.45687496e+02      6.54684139e-02      
1.46212498e+02      7.12377147e-02      
1.46737499e+02      8.45234972e-02      
1.47275000e+02      1.11769568e-01      
1.47824999e+02      8.33705469e-02      
1.48374998e+02      1.01678173e-01      
1.48924997e+02      8.79880165e-02      
1.49487497e+02      8.79482919e-02      
1.50062498e+02      9.51760253e-02      
1.50637499e+02      9.67928379e-02      
1.51212500e+02      1.05236957e-01      
1.51787500e+02      1.02197444e-01      
1.52362501e+02      1.28716125e-01      
1.52937502e+02      1.45433379e-01      
1.53512503e+02      1.59735931e-01      
1.54100002e+02      1.36496085e-01      
1.54700001e+02      3.41304600e-01      
1.55299999e+02      2.24690583e-01      
1.55899998e+02      2.41765665e-01      
1.56512497e+02      1.83382202e-01      
1.57137497e+02      2.03016255e-01      
1.57762497e+02      1.84003025e-01      
1.58387497e+02      1.79748540e-01      
1.59024998e+02      1.91727211e-01      
1.59674999e+02      1.83556655e-01      
1.60325001e+02      2.03544177e-01      
1.60975002e+02      2.38134281e-01      
1.61625002e+02      2.38422617e-01      
1.62275000e+02      2.76726820e-01      
1.62924997e+02      2.86616058e-01      
1.63574995e+02      3.17505539e-01      
1.64245829e+02      3.68026982e-01      
1.64937498e+02      2.99206936e-01      
1.65629167e+02      6.32821580e-01      
1.66320837e+02      3.90576514e-01      
1.66670837e+02      3.67299909e-01      
1.66679169e+02      3.64454832e-01      
1.66687500e+02      3.64454832e-01      
1.66695831e+02      3.77441831e-01      
1.67049997e+02      4.58756786e-01      
1.67749998e+02      4.12541904e-01      
1.68449999e+02      4.73832022e-01      
1.69150000e+02      5.77298567e-01      
1.69862499e+02      6.93183946e-01      
1.70587498e+02      7.25814515e-01      
1.71312496e+02      7.23369853e-01      
1.72037495e+02      7.86915565e-01      
1.72587494e+02      8.08873576e-01      
1.72962494e+02      7.46526429e-01      
1.73337494e+02      7.73315911e-01      
1.73712494e+02      8.23529490e-01      
1.74087494e+02      9.14475905e-01      
1.74462494e+02      9.88632834e-01      
1.74837494e+02      9.64841667e-01      
1.75212494e+02      1.10480164e+00      
1.75599995e+02      1.20282725e+00      
1.75999996e+02      1.25648506e+00      
1.76399998e+02      1.19557469e+00      
1.76799999e+02      1.34424144e+00      
1.77200001e+02      1.58714591e+00      
1.77600002e+02      1.42304992e+00      
1.78000004e+02      1.62361979e+00      
1.78400005e+02      1.64990922e+00      
1.78800005e+02      1.73748132e+00      
1.79200003e+02      1.70427644e+00      
1.79600000e+02      1.61016516e+00      
1.79999998e+02      1.79067628e+00      
1.80399998e+02      1.91317727e+00      
1.80799999e+02      2.32412673e+00      
1.81200001e+02      1.94384944e+00      
1.81600002e+02      2.95277244e+00      
1.82012503e+02      2.49128582e+00      
1.82437502e+02      2.45581662e+00      
1.82862501e+02      2.28354227e+00      
1.83287500e+02      2.47800496e+00      
1.83712500e+02      2.54805315e+00      
1.84137499e+02      2.27488815e+00      
1.84562498e+02      2.15001031e+00      
1.84987497e+02      2.06265114e+00      
1.85412497e+02      2.53393242e+00      
1.85837496e+02      2.63088258e+00      
1.86262495e+02      2.69523465e+00      
1.86687494e+02      2.96701637e+00      
1.87124994e+02      3.36736281e+00      
1.87574995e+02      3.26894803e+00      
1.88024996e+02      3.14985258e+00      
1.88474997e+02      3.56012183e+00      
1.88924997e+02      3.78124766e+00      
1.89374998e+02      4.06524246e+00      
1.89824999e+02      3.68102883e+00      
1.90275000e+02      3.92151770e+00      
1.90725000e+02      4.21214751e+00      
1.91175001e+02      4.23891752e+00      
1.91625002e+02      4.56108908e+00      
1.92075003e+02      4.79548315e+00      
1.92537502e+02      4.64500958e+00      
1.93012501e+02      3.92606318e+00      
1.93487499e+02      3.26709579e+00      
1.93962498e+02      4.79924247e+00      
1.94437498e+02      5.96939059e+00      
1.94912500e+02      6.03424626e+00      
1.95387503e+02      5.72565747e+00      
1.95862505e+02      5.97921196e+00      
1.96337505e+02      6.11725413e+00      
1.96812504e+02      7.13007054e+00      
1.97287502e+02      6.66411329e+00      
1.97762501e+02      6.46050155e+00      
1.98250000e+02      6.83737329e+00      
1.98750000e+02      6.30582890e+00      
1.99250000e+02      7.06594087e+00      
1.99750000e+02      7.15619066e+00      
2.00000000e+02      7.31239976e+00      
2.00000001e+02      7.32859323e+00      
2.00000002e+02      7.32859323e+00      
2.00000003e+02      7.35584926e+00      
2.00250003e+02      7.66378940e+00      
2.00750002e+02      7.94395171e+00      
2.01250001e+02      8.32074830e+00      
2.01750000e+02      8.69150663e+00      
2.02262501e+02      8.66753895e+00      
2.02787502e+02      8.71577552e+00      
2.03312504e+02      9.53250435e+00      
2.03837505e+02      9.84425085e+00      
2.04362505e+02      1.07889724e+01      
2.04887503e+02      1.10738105e+01      
2.05412500e+02      1.11840253e+01      
2.05937498e+02      1.11321157e+01      
2.06462498e+02      1.14615325e+01      
2.06987499e+02      1.23565087e+01      
2.07512501e+02      1.34530588e+01      
2.08037502e+02      1.40171809e+01      
2.08575003e+02      1.57930027e+01      
2.09125002e+02      1.93440954e+01      
2.09675001e+02      2.35675362e+01      
2.10225000e+02      2.70964025e+01      
2.10787500e+02      3.03646754e+01      
2.11362501e+02      3.35296256e+01      
2.11937502e+02      3.94304622e+01      
2.12512503e+02      3.00231719e+01      
2.13087503e+02      3.19987142e+01      
2.13662504e+02      3.38352364e+01      
2.14237505e+02      4.27192861e+01      
2.14812506e+02      4.06501499e+01      
2.15387505e+02      3.93379602e+01      
2.15962502e+02      3.40321083e+01      
2.16537498e+02      3.32746950e+01      
2.17112495e+02      3.36532336e+01      
2.17724995e+02      3.69189779e+01      
2.18374996e+02      4.88844908e+01      
2.19024998e+02      4.48820134e+01      
2.19674999e+02      5.08867821e+01      
2.20275000e+02      5.23146977e+01      
2.20824999e+02      4.41256358e+01      
2.21374998e+02      3.93393109e+01      
2.21924997e+02      4.32691481e+01      
2.22512497e+02      5.08478469e+01      
2.23137497e+02      6.01059334e+01      
2.23762497e+02      6.81941852e+01      
2.24387497e+02      5.95959623e+01      
2.25024998e+02      5.91613163e+01      
2.25674999e+02      5.18017702e+01      
2.26325001e+02      4.25650857e+01      
2.26975002e+02      3.44897974e+01      
2.27625002e+02      4.10687335e+01      
2.28275000e+02      5.41228668e+01      
2.28924997e+02      5.02226808e+01      
2.29574995e+02      4.88333979e+01      
2.30237495e+02      4.91704782e+01      
2.30912498e+02      5.56289666e+01      
2.31587502e+02      5.16414124e+01      
2.32262505e+02      5.55159652e+01      
2.32937506e+02      4.94511873e+01      
2.33612505e+02      4.43800568e+01      
2.34287504e+02      3.86379377e+01      
2.34962503e+02      4.35971566e+01      
2.35587884e+02      5.60406730e+01      
2.36163647e+02      4.89154175e+01      
2.36739410e+02      4.79334148e+01      
2.37315172e+02      5.31499304e+01      
2.37665173e+02      4.99544516e+01      
2.37789411e+02      5.46263680e+01      
2.37913649e+02      4.73400173e+01      
2.38037887e+02      3.93956793e+01      
2.38462505e+02      4.14877207e+01      
2.39187504e+02      4.70952114e+01      
2.39912502e+02      4.14716169e+01      
2.40637501e+02      3.99252928e+01      
2.41362499e+02      4.59392113e+01      
2.42087498e+02      6.81445446e+01      
2.42812496e+02      7.22322423e+01      
2.43537495e+02      6.66203408e+01      
2.44274994e+02      6.60392561e+01      
2.45024994e+02      5.43556461e+01      
2.45774994e+02      5.04694174e+01      
2.46524994e+02      4.98683273e+01      
2.47287495e+02      5.64602863e+01      
2.48062496e+02      5.12155122e+01      
2.48837498e+02      4.36327048e+01      
2.49612499e+02      6.05474288e+01      
2.50400000e+02      6.10969479e+01      
2.51199999e+02      5.25642458e+01      
2.51999998e+02      4.19221893e+01      
2.52799997e+02      4.30883974e+01      
2.53599997e+02      5.34714613e+01      
2.54399996e+02      5.91045936e+01      
2.55199995e+02      7.26524801e+01      
2.55999994e+02      8.82445183e+01      
2.56812496e+02      1.14560512e+02      
2.57637501e+02      1.24940830e+02      
2.58462505e+02      1.27480921e+02      
2.59287510e+02      1.20111525e+02      
2.60137512e+02      9.04951752e+01      
2.61012512e+02      8.18850108e+01      
2.61887512e+02      1.01649078e+02      
2.62762512e+02      1.04886006e+02      
2.63637512e+02      1.81973751e+02      
2.64512512e+02      2.55414196e+02      
2.65387512e+02      2.55119505e+02      
2.66262512e+02      2.59094791e+02      
2.67150009e+02      2.53759648e+02      
2.68050003e+02      2.55569336e+02      
2.68949997e+02      2.45459846e+02      
2.69849991e+02      2.55212664e+02      
2.70762489e+02      2.72099043e+02      
2.71687492e+02      2.16887080e+02      
2.72612495e+02      2.07748206e+02      
2.73537498e+02      2.10944224e+02      
2.74125601e+02      1.51257064e+02      
2.74376802e+02      1.28335808e+02      
2.74628003e+02      1.37834069e+02      
2.74879204e+02      1.31844371e+02      
2.75354202e+02      1.73620888e+02      
2.76052998e+02      2.27847155e+02      
2.76751794e+02      2.58064680e+02      
2.77450590e+02      2.49568742e+02      
2.78287491e+02      1.76712395e+02      
2.79262497e+02      1.05966502e+02      
2.80237503e+02      8.35987022e+01      
2.81212509e+02      1.76303021e+02      
2.82113240e+02      2.76272241e+02      
2.82939697e+02      3.20599947e+02      
2.83766153e+02      3.17052141e+02      
2.84592609e+02      2.53891105e+02      
2.85092609e+02      1.53220047e+02      
2.85266153e+02      1.13169789e+02      
2.85439697e+02      1.25275082e+02      
2.85613240e+02      1.86729956e+02      
2.86225010e+02      3.16752637e+02      
2.87275005e+02      3.59711269e+02      
2.88325001e+02      3.14398137e+02      
2.89374996e+02      4.54714400e+02      
2.90424995e+02      6.11645539e+02      
2.91474998e+02      5.91389922e+02      
2.92525002e+02      5.24560576e+02      
2.93575005e+02      5.48244376e+02      
2.94650005e+02      5.17469256e+02      
2.95750004e+02      5.73318140e+02      
2.96850002e+02      4.77698430e+02      
2.97950001e+02      5.25099597e+02      
2.99062500e+02      4.84558233e+02      
3.00187500e+02      4.45204655e+02      
3.01312500e+02      4.72260701e+02      
3.02437500e+02      4.82016338e+02      
3.03513304e+02      6.36494078e+02      
3.04539913e+02      6.12211407e+02      
3.05566522e+02      6.02329433e+02      
3.06593131e+02      5.74208798e+02      
3.07180632e+02      6.32162569e+02      
3.07329027e+02      6.39022551e+02      
3.07477421e+02      6.48058864e+02      
3.07625815e+02      6.34495421e+02      
3.08300011e+02      6.41000104e+02      
3.09500008e+02      5.18490323e+02      
3.10700005e+02      6.85493746e+02      
3.11900002e+02      7.05982165e+02      
3.13125000e+02      6.96234585e+02      
3.14375000e+02      6.92637215e+02      
3.15625000e+02      6.30994761e+02      
3.16875000e+02      7.31409838e+02      
3.18125000e+02      7.02752649e+02      
3.19375000e+02      7.20723204e+02      
3.20625000e+02      8.02451968e+02      
3.21875000e+02      7.16917392e+02      
3.23125000e+02      6.59224360e+02      
3.24375000e+02      7.70632366e+02      
3.25625000e+02      9.20042496e+02      
3.26875000e+02      9.91472535e+02      
3.27713409e+02      9.70198818e+02      
3.28140227e+02      9.34888587e+02      
3.28567045e+02      9.32431503e+02      
3.28993862e+02      9.98758193e+02      
3.29618862e+02      1.11196103e+03      
3.30442045e+02      1.04037721e+03      
3.31265227e+02      9.86098529e+02      
3.32088409e+02      9.82843403e+02      
3.33125000e+02      9.55308004e+02      
3.34375000e+02      9.74092994e+02      
3.35625000e+02      9.36131236e+02      
3.36875000e+02      8.25971448e+02      
3.37962972e+02      9.14572295e+02      
3.38888917e+02      9.70526000e+02      
3.39814862e+02      1.02326562e+03      
3.40740807e+02      1.00594758e+03      
3.41365807e+02      9.40343490e+02      
3.41689862e+02      9.24116295e+02      
3.42013917e+02      1.02522807e+03      
3.42337972e+02      1.00081057e+03      
3.42812500e+02      1.03982754e+03      
3.43437500e+02      1.01737028e+03      
3.44062500e+02      8.17094028e+02      
3.44687500e+02      8.95951976e+02      
3.46250000e+02      9.56350421e+02      
3.48750000e+02      9.16932850e+02      
3.51250000e+02      1.02876892e+03      
3.53750000e+02      1.06405048e+03      
3.56250000e+02      9.76336973e+02      
3.58750000e+02      8.73208420e+02      
3.61250000e+02      9.63160612e+02      
3.63750000e+02      1.04957245e+03      
3.66250000e+02      1.23059680e+03      
3.68750000e+02      1.19914823e+03      
3.71250000e+02      1.17008183e+03      
3.73750000e+02      9.80407650e+02      
3.76250000e+02      1.12211039e+03      
3.78750000e+02      1.25250477e+03      
3.81250000e+02      1.10817493e+03      
3.83750000e+02      7.92341295e+02      
3.85625050e+02      1.01921288e+03      
3.86875151e+02      1.03223115e+03      
3.88125252e+02      1.01856493e+03      
3.89375353e+02      1.14272189e+03      
3.90625353e+02      1.25357494e+03      
3.91875252e+02      1.24151476e+03      
3.93125151e+02      7.29326163e+02      
3.94375050e+02      1.02453388e+03      
3.96250000e+02      9.71754056e+02      
3.98750000e+02      1.46881548e+03      
4.01250000e+02      1.72641257e+03      
4.03750000e+02      1.70790900e+03      
4.06250000e+02      1.64803552e+03      
4.08750000e+02      1.69127485e+03      
4.11250000e+02      1.69901617e+03      
4.13750000e+02      1.75572623e+03      
4.16250000e+02      1.76575925e+03      
4.18750000e+02      1.72389378e+03      
4.21250000e+02      1.76981941e+03      
4.23750000e+02      1.70773540e+03      
4.26250000e+02      1.69861559e+03      
4.28750000e+02      1.60101283e+03      
4.31250000e+02      1.45906102e+03      
4.33750000e+02      1.63222630e+03      
4.36250000e+02      1.79383636e+03      
4.38750000e+02      1.74626325e+03      
4.41250000e+02      1.88182903e+03      
4.43750000e+02      1.95074463e+03      
4.45625561e+02      1.87483334e+03      
4.46876683e+02      1.95439850e+03      
4.48127805e+02      2.01774678e+03      
4.49378927e+02      2.01966539e+03      
4.50628927e+02      2.13712175e+03      
4.51877805e+02      2.10497073e+03      
4.53126683e+02      1.90730469e+03      
4.54375561e+02      2.06002619e+03      
4.56250000e+02      2.08407129e+03      
4.58750000e+02      2.06186394e+03      
4.61250000e+02      2.07832816e+03      
4.63750000e+02      2.07138408e+03      
4.66250000e+02      2.00977496e+03      
4.68750000e+02      2.03002627e+03      
4.71250000e+02      1.99917039e+03      
4.73750000e+02      2.06399873e+03      
4.76250000e+02      2.05564800e+03      
4.78750000e+02      2.08906237e+03      
4.81250000e+02      2.09005035e+03      
4.83750000e+02      2.04090409e+03      
4.86250000e+02      1.77302282e+03      
4.88750000e+02      1.95434314e+03      
4.91250000e+02      1.96442298e+03      
4.93750000e+02      1.98158966e+03      
4.96250000e+02      2.00176922e+03      
4.98750000e+02      1.95318621e+03      
5.01250000e+02      1.84844717e+03      
5.03750000e+02      1.92079055e+03      
5.06250000e+02      1.95954448e+03      
5.08750000e+02      1.86162871e+03      
5.11250000e+02      1.93230276e+03      
5.13750000e+02      1.82902927e+03      
5.16250000e+02      1.73864660e+03      
5.18750000e+02      1.74224409e+03      
5.21250000e+02      1.86283819e+03      
5.23750000e+02      1.84012334e+03      
5.26250000e+02      1.79144008e+03      
5.28750000e+02      1.87999347e+03      
5.31250000e+02      1.91218047e+03      
5.33750000e+02      1.81705057e+03      
5.35626888e+02      1.91071792e+03      
5.36880663e+02      1.85156986e+03      
5.38134438e+02      1.88767180e+03      
5.39388214e+02      1.85245368e+03      
5.40638214e+02      1.77345730e+03      
5.41884438e+02      1.85685562e+03      
5.43130663e+02      1.82612490e+03      
5.44376888e+02      1.88191500e+03      
5.45563869e+02      1.88952387e+03      
5.46691608e+02      1.89483675e+03      
5.47819347e+02      1.84977090e+03      
5.48947086e+02      1.87076233e+03      
5.50197086e+02      1.88452792e+03      
5.51569347e+02      1.86872667e+03      
5.52941608e+02      1.84673647e+03      
5.54313869e+02      1.89350011e+03      
5.56250000e+02      1.85103936e+03      
5.58750000e+02      1.79147234e+03      
5.61250000e+02      1.80705987e+03      
5.63750000e+02      1.84536994e+03      
5.65200540e+02      1.82325374e+03      
5.65601619e+02      1.79157737e+03      
5.66002698e+02      1.71025399e+03      
5.66403777e+02      1.78789710e+03      
5.67653777e+02      1.82234558e+03      
5.69752698e+02      1.79270254e+03      
5.71851619e+02      1.79699788e+03      
5.73950540e+02      1.85031337e+03      
5.76250000e+02      1.80889067e+03      
5.78750000e+02      1.79417166e+03      
5.81250000e+02      1.81614747e+03      
5.83750000e+02      1.82623390e+03      
5.86250000e+02      1.77929366e+03      
5.88750000e+02      1.69353853e+03      
5.91250000e+02      1.77565950e+03      
5.93750000e+02      1.76763921e+03      
5.96250000e+02      1.75886436e+03      
5.98750000e+02      1.74216459e+03      
6.01250000e+02      1.71187927e+03      
6.03750000e+02      1.73477533e+03      
6.05004234e+02      1.74765266e+03      
6.05012703e+02      1.75075864e+03      
6.05021172e+02      1.75111117e+03      
6.05029640e+02      1.74131203e+03      
6.06279640e+02      1.73879111e+03      
6.08771172e+02      1.72416209e+03      
6.11262703e+02      1.70655929e+03      
6.13754234e+02      1.67419431e+03      
6.16250000e+02      1.64547333e+03      
6.18750000e+02      1.68164077e+03      
6.21250000e+02      1.68093432e+03      
6.23750000e+02      1.63579845e+03      
6.26250000e+02      1.64712808e+03      
6.28750000e+02      1.66874123e+03      
6.31250000e+02      1.62664336e+03      
6.33750000e+02      1.63292098e+03      
6.36250000e+02      1.62586060e+03      
6.38750000e+02      1.62772035e+03      
6.41250000e+02      1.58972242e+03      
6.43750000e+02      1.60849468e+03      
6.46250000e+02      1.58486372e+03      
6.48750000e+02      1.57172860e+03      
6.51250000e+02      1.58517205e+03      
6.53750000e+02      1.56288727e+03      
6.56250000e+02      1.38647496e+03      
6.58750000e+02      1.51918104e+03      
6.61250000e+02      1.54635415e+03      
6.63750000e+02      1.51737955e+03      
6.65208336e+02      1.51756632e+03      
6.65625007e+02      1.52602951e+03      
6.66041679e+02      1.51966052e+03      
6.66458351e+02      1.48856831e+03      
6.67708351e+02      1.51867021e+03      
6.69791679e+02      1.52972340e+03      
6.71875007e+02      1.52433932e+03      
6.73958336e+02      1.52642843e+03      
6.76250000e+02      1.50947343e+03      
6.78750000e+02      1.49130930e+03      
6.81250000e+02      1.47975184e+03      
6.83750000e+02      1.47205149e+03      
6.85760623e+02      1.47999728e+03      
6.87281868e+02      1.49343368e+03      
6.88803113e+02      1.47346008e+03      
6.90324358e+02      1.46294038e+03      
6.91574358e+02      1.44501973e+03      
6.92553113e+02      1.44217633e+03      
6.93531868e+02      1.44397952e+03      
6.94510623e+02      1.44667644e+03      
6.96250000e+02      1.45934494e+03      
6.98750000e+02      1.44503075e+03      
7.01250000e+02      1.42406287e+03      
7.03750000e+02      1.43610039e+03      
7.06250000e+02      1.42665313e+03      
7.08750000e+02      1.41126281e+03      
7.11250000e+02      1.39323352e+03      
7.13750000e+02      1.37380588e+03      
7.16250000e+02      1.36235287e+03      
7.18750000e+02      1.34584939e+03      
7.21250000e+02      1.34803153e+03      
7.23750000e+02      1.34586056e+03      
7.26250000e+02      1.33801633e+03      
7.28750000e+02      1.31017601e+03      
7.31250000e+02      1.32080474e+03      
7.33750000e+02      1.31958808e+03      
7.36250000e+02      1.30682311e+03      
7.38750000e+02      1.28361875e+03      
7.41250000e+02      1.26957606e+03      
7.43750000e+02      1.28537726e+03      
7.45859962e+02      1.28311275e+03      
7.47579885e+02      1.28776223e+03      
7.49299808e+02      1.26809720e+03      
7.51019731e+02      1.26388531e+03      
7.52269731e+02      1.26360491e+03      
7.53049808e+02      1.26681443e+03      
7.53829885e+02      1.27305390e+03      
7.54609962e+02      1.26691072e+03      
7.56250000e+02      1.26133085e+03      
7.58750000e+02      1.24942922e+03      
7.61250000e+02      1.22744840e+03      
7.63750000e+02      1.23828697e+03      
7.66250000e+02      1.19701650e+03      
7.68750000e+02      1.21312984e+03      
7.71250000e+02      1.19961242e+03      
7.73750000e+02      1.19755950e+03      
7.75857604e+02      1.18218319e+03      
7.77572811e+02      1.17738136e+03      
7.79288018e+02      1.17368673e+03      
7.81003225e+02      1.16937079e+03      
7.82253225e+02      1.17967070e+03      
7.83038018e+02      1.16157901e+03      
7.83822811e+02      1.15011174e+03      
7.84607604e+02      1.16489031e+03      
7.86250000e+02      1.15393580e+03      
7.88750000e+02      1.15970985e+03      
7.91250000e+02      1.14706053e+03      
7.93750000e+02      1.11445675e+03      
7.96250000e+02      1.13837791e+03      
7.98750000e+02      1.12887656e+03      
8.01250000e+02      1.12308850e+03      
8.03750000e+02      1.11458267e+03      
8.06250000e+02      1.11319196e+03      
8.08750000e+02      1.10185979e+03      
8.11250000e+02      1.10972457e+03      
8.13750000e+02      1.11133194e+03      
8.16250000e+02      1.09959449e+03      
8.18750000e+02      1.06986587e+03      
8.21250000e+02      1.05977029e+03      
8.23750000e+02      1.07228677e+03      
8.26250000e+02      1.07165942e+03      
8.28750000e+02      1.06122836e+03      
8.31250000e+02      1.05654478e+03      
8.33750000e+02      1.02295664e+03      
8.35932497e+02      1.04444179e+03      
8.37797491e+02      1.03456075e+03      
8.39662485e+02      1.02888722e+03      
8.41527480e+02      1.03135059e+03      
8.42777480e+02      1.00892582e+03      
8.43412485e+02      1.00249522e+03      
8.44047491e+02      9.95896666e+02      
8.44682497e+02      1.02522849e+03      
8.46250000e+02      1.01549135e+03      
8.48750000e+02      9.81018163e+02      
8.51250000e+02      9.56133482e+02      
8.53750000e+02      8.52858640e+02      
8.56250000e+02      9.69674524e+02      
8.58750000e+02      9.75636087e+02      
8.61250000e+02      9.81325058e+02      
8.63750000e+02      9.94513593e+02      
8.66250000e+02      9.02578928e+02      
8.68750000e+02      9.72710789e+02      
8.71250000e+02      9.91874277e+02      
8.73750000e+02      9.72836617e+02      
8.76250000e+02      9.52624097e+02      
8.78750000e+02      9.57787208e+02      
8.81250000e+02      9.34051144e+02      
8.83750000e+02      9.37998838e+02      
8.85783196e+02      9.28786684e+02      
8.87349589e+02      9.14138025e+02      
8.88915982e+02      9.33288530e+02      
8.90482375e+02      9.36312987e+02      
8.91732375e+02      9.24384893e+02      
8.92665982e+02      9.01934509e+02      
8.93599589e+02      9.18904932e+02      
8.94533196e+02      9.00662003e+02      
8.96250000e+02      9.16023932e+02      
8.98750000e+02      9.07715232e+02      
9.01250000e+02      8.64517831e+02      
9.03750000e+02      9.01986254e+02      
9.06250000e+02      8.92166280e+02      
9.08750000e+02      8.67478550e+02      
9.11250000e+02      8.70323879e+02      
9.13750000e+02      8.83477242e+02      
9.16250000e+02      8.71917783e+02      
9.18750000e+02      8.68126699e+02      
9.21250000e+02      8.44739661e+02      
9.23750000e+02      8.26126204e+02      
9.26250000e+02      8.37458452e+02      
9.28750000e+02      8.49554651e+02      
9.31250000e+02      8.46815238e+02      
9.33750000e+02      8.45104206e+02      
9.36250000e+02      8.32904666e+02      
9.38750000e+02      8.32572447e+02      
9.41250000e+02      8.00966627e+02      
9.43750000e+02      8.12433021e+02      
9.46250000e+02      8.16525625e+02      
9.48750000e+02      8.18221732e+02      
9.51250000e+02      8.09141656e+02      
9.53750000e+02      7.91590189e+02      
9.55817304e+02      7.78176017e+02      
9.57451913e+02      7.91965048e+02      
9.59086521e+02      7.99906009e+02      
9.60721130e+02      7.86193267e+02      
9.61971130e+02      7.92862466e+02      
9.62836521e+02      7.79218933e+02      
9.63701913e+02      7.79182761e+02      
9.64567304e+02      7.82741416e+02      
9.66250000e+02      7.74373451e+02      
9.68750000e+02      7.76116286e+02      
9.71250000e+02      7.74401323e+02      
9.73750000e+02      7.62863878e+02      
9.76250000e+02      7.62984361e+02      
9.78750000e+02      7.58239069e+02      
9.81250000e+02      7.58950022e+02      
9.83750000e+02      7.52948952e+02      
9.86250000e+02      7.48463612e+02      
9.88750000e+02      7.41086322e+02      
9.91250000e+02      7.39350674e+02      
9.93750000e+02      7.39684509e+02      
9.96250000e+02      7.35692581e+02      
9.98750000e+02      7.31203053e+02      
1.00125000e+03      7.29295151e+02      
1.00375000e+03      7.11185769e+02      
1.00625000e+03      6.95749598e+02      
1.00875000e+03      7.15840870e+02      
1.01125000e+03      7.12310964e+02      
1.01375000e+03      7.05957566e+02      
1.01625000e+03      6.99354342e+02      
1.01875000e+03      6.92419011e+02      
1.02125000e+03      6.90493387e+02      
1.02375000e+03      6.94935304e+02      
1.02625000e+03      6.91715087e+02      
1.02875000e+03      6.86053746e+02      
1.03125000e+03      6.82711576e+02      
1.03375000e+03      6.70751948e+02      
1.03515868e+03      6.66407753e+02      
1.03547603e+03      6.74832660e+02      
1.03579339e+03      6.76112253e+02      
1.03611075e+03      6.76666421e+02      
1.03736075e+03      6.64734189e+02      
1.03954339e+03      6.67431836e+02      
1.04172603e+03      6.66016846e+02      
1.04390868e+03      6.63515952e+02      
1.04625000e+03      6.51883798e+02      
1.04875000e+03      6.58744158e+02      
1.05125000e+03      6.54447156e+02      
1.05375000e+03      6.50585280e+02      
1.05625000e+03      6.51282782e+02      
1.05875000e+03      6.38021162e+02      
1.06125000e+03      6.36798325e+02      
1.06375000e+03      6.37689397e+02      
1.06556484e+03      6.38491354e+02      
1.06669451e+03      6.24977238e+02      
1.06782418e+03      6.34049853e+02      
1.06895385e+03      6.01123844e+02      
1.07020385e+03      6.23068480e+02      
1.07157418e+03      6.27880041e+02      
1.07294451e+03      6.15493977e+02      
1.07431484e+03      6.21447292e+02      
1.07625000e+03      6.21876240e+02      
1.07875000e+03      6.16599002e+02      
1.08125000e+03      6.08850731e+02      
1.08375000e+03      6.04934552e+02      
1.08687500e+03      6.02083429e+02      
1.09062500e+03      6.03523823e+02      
1.09437500e+03      5.75995468e+02      
1.09812500e+03      5.84177255e+02      
1.10374294e+03      5.83380243e+02      
1.11122881e+03      5.77891757e+02      
1.11871468e+03      5.68490555e+02      
1.12620055e+03      5.55854002e+02      
1.13903128e+03      5.42395653e+02      
1.15720685e+03      5.27252530e+02      
1.17538242e+03      5.09461737e+02      
1.19355799e+03      4.91460303e+02      
1.21571375e+03      4.74974754e+02      
1.24184971e+03      4.54946154e+02      
1.26798566e+03      4.37114539e+02      
1.29412161e+03      4.15494581e+02      
1.32261778e+03      3.98095575e+02      
1.35347418e+03      3.79755772e+02      
1.38433059e+03      3.62091365e+02      
1.41518699e+03      3.43047101e+02      
1.44740644e+03      3.26931453e+02      
1.48098895e+03      3.09385399e+02      
1.51457146e+03      2.91809905e+02      
1.54815397e+03      2.76925338e+02      
1.58029753e+03      2.59877432e+02      
1.61100215e+03      2.47683242e+02      
1.64170676e+03      2.33742560e+02      
1.67241138e+03      2.19907607e+02      
1.70956790e+03      2.07122458e+02      
1.75317633e+03      1.89382131e+02      
1.79678476e+03      1.74802413e+02      
1.84039319e+03      1.61946210e+02      
1.88194796e+03      1.48302913e+02      
1.92144910e+03      1.39495068e+02      
1.96095023e+03      1.28370296e+02      
2.00045136e+03      1.20248080e+02      
2.04300708e+03      1.11357587e+02      
2.08861738e+03      1.03289883e+02      
2.13422769e+03      9.58372655e+01      
2.17983800e+03      8.76578187e+01      
2.23748645e+03      7.97305962e+01      
2.30717304e+03      7.09179570e+01      
2.37685964e+03      6.27965098e+01      
2.44654623e+03      5.68037611e+01      
2.50366265e+03      5.24722497e+01      
2.54820889e+03      4.92008092e+01      
2.59275514e+03      4.63426792e+01      
2.63730139e+03      4.35581249e+01      
2.69209120e+03      4.05697657e+01      
2.75712457e+03      3.74718927e+01      
2.82215795e+03      3.45356449e+01      
2.88719133e+03      3.18189261e+01      
2.95966840e+03      2.91687323e+01      
3.03958917e+03      2.66113650e+01      
3.11950994e+03      2.42740146e+01      
3.19943070e+03      2.21746734e+01      
3.28153443e+03      2.02589266e+01      
3.36582112e+03      1.85065419e+01      
3.45010781e+03      1.69377880e+01      
3.53439450e+03      1.54817405e+01      
3.63067350e+03      1.40475153e+01      
3.73894480e+03      1.26691259e+01      
3.84721610e+03      1.14206826e+01      
3.95548740e+03      1.03998451e+01      
4.02990538e+03      9.71044079e+00      
4.07047004e+03      9.28512114e+00      
4.11103469e+03      8.95915059e+00      
4.15159935e+03      8.58965771e+00      
4.21857828e+03      8.10227723e+00      
4.31197149e+03      7.51781203e+00      
4.40536469e+03      6.94768895e+00      
4.49875790e+03      6.43519662e+00      
4.58702880e+03      5.98872182e+00      
4.67017740e+03      5.59685856e+00      
4.75332600e+03      5.24315676e+00      
4.83647460e+03      4.92302137e+00      
4.90931845e+03      4.65858222e+00      
4.97185755e+03      4.43256666e+00      
5.03439665e+03      4.23274819e+00      
5.09693575e+03      4.03879748e+00      
5.16285533e+03      3.84890739e+00      
5.23215538e+03      3.66460835e+00      
5.30145544e+03      3.48803814e+00      
5.37075549e+03      3.32005254e+00      
5.44401556e+03      3.15676032e+00      
5.52123564e+03      2.99402809e+00      
5.59845573e+03      2.84243804e+00      
5.67567581e+03      2.69828625e+00      
5.75757587e+03      2.55639756e+00      
5.84415591e+03      2.41823299e+00      
5.93073595e+03      2.28770490e+00      
6.01731598e+03      2.16372908e+00      
6.10948187e+03      2.04285347e+00      
6.20723361e+03      1.92521688e+00      
6.30498534e+03      1.81485736e+00      
6.40273708e+03      1.71053812e+00      
6.50723028e+03      1.60876708e+00      
6.61846495e+03      1.50950505e+00      
6.72969961e+03      1.41741048e+00      
6.84093428e+03      1.32946323e+00      
6.96040857e+03      1.24505989e+00      
7.08812249e+03      1.16311189e+00      
7.21583641e+03      1.08642571e+00      
7.34355032e+03      1.01691213e+00      
7.46187353e+03      9.56806553e-01      
7.57080603e+03      9.04167964e-01      
7.67973852e+03      8.56175283e-01      
7.78867102e+03      8.10493787e-01      
7.90441173e+03      7.65826197e-01      
8.02696067e+03      7.22450227e-01      
8.14950961e+03      6.81700541e-01      
8.27205855e+03      6.41745258e-01      
8.41982520e+03      5.99744671e-01      
8.59280956e+03      5.56394702e-01      
8.76579392e+03      5.14996386e-01      
8.93877828e+03      4.79908942e-01      
9.07082057e+03      4.53398239e-01      
9.16192079e+03      4.34311975e-01      
9.25302100e+03      4.17965631e-01      
9.34412122e+03      4.01291085e-01      
9.46596241e+03      3.81760787e-01      
9.61854458e+03      3.60015208e-01      
9.77112675e+03      3.38805174e-01      
9.92370892e+03      3.19010462e-01      
1.00797873e+04      3.00194155e-01      
1.02393618e+04      2.82584266e-01      
1.03989363e+04      2.66178695e-01      
1.05585108e+04      2.50518339e-01      
1.07370822e+04      2.34721157e-01      
1.09346507e+04      2.19098493e-01      
1.11322191e+04      2.04418783e-01      
1.13297875e+04      1.90273897e-01      
1.15625002e+04      1.75853866e-01      
1.18303573e+04      1.61361843e-01      
1.20982144e+04      1.47872828e-01      
1.23660715e+04      1.35378657e-01      
1.26736112e+04      1.23046995e-01      
1.30208335e+04      1.11056866e-01      
1.33680558e+04      1.00229669e-01      
1.37152781e+04      9.08842291e-02      
1.40268412e+04      8.32605731e-02      
1.43027449e+04      7.69386310e-02      
1.45786486e+04      7.14047315e-02      
1.48545523e+04      6.62940980e-02      
1.51443729e+04      6.14721502e-02      
1.54481106e+04      5.69344708e-02      
1.57518482e+04      5.27275837e-02      
1.60555859e+04      4.85940710e-02      
1.64751008e+04      4.39427124e-02      
1.70103929e+04      3.90256563e-02      
1.75456851e+04      3.45585731e-02      
1.80809772e+04      3.07708618e-02      
1.85802979e+04      2.76402101e-02      
1.90436473e+04      2.50350269e-02      
1.95069966e+04      2.27840257e-02      
1.99703460e+04      2.06798622e-02      
2.05176771e+04      1.85984496e-02      
2.11489899e+04      1.65744636e-02      
2.17803028e+04      1.47608266e-02      
2.24116156e+04      1.31108686e-02      
2.31758368e+04      1.14937229e-02      
2.40729663e+04      9.94989440e-03      
2.49700959e+04      8.61005179e-03      
2.58672254e+04      7.47570698e-03      
2.68141952e+04      6.48695516e-03      
2.78110051e+04      5.62374487e-03      
2.88078151e+04      4.89346403e-03      
2.98046250e+04      4.25173886e-03      
3.09794371e+04      3.65053245e-03      
3.23322513e+04      3.09998605e-03      
3.36850655e+04      2.63489819e-03      
3.50378797e+04      2.22113041e-03      
3.69318190e+04      1.80580773e-03      
3.93668833e+04      1.42289928e-03      
4.18019476e+04      1.12067429e-03      
4.42370119e+04      8.77691774e-04      
4.75852261e+04      6.58829573e-04      
5.18465900e+04      4.77713025e-04      
5.61079540e+04      3.48661164e-04      
6.03693180e+04      2.50390307e-04      
6.71875000e+04      1.65049480e-04      
7.65625000e+04      1.01938665e-04      
8.59375000e+04      6.41708657e-05      
9.53125000e+04      4.43853326e-05      
1.00000000e+05      1.95863747e-05      
